NAME=SirGwain
WEAPON=Laser rifle
LOC=84:60
POS=4575.800001144409:1897.0000004768372
RACE=HUMAN
HPOINTS=2200
SPAWN_SHIP=18:54;51afa388-eb9d-447c-9331-7a45e1571e36;Yellow Lysora;
MONEY=725
