NAME=SirGwain
WEAPON=Plasma pistol
LOC=34:56
POS=4491.400000572205:3467.0000009536743
RACE=HUMAN
HPOINTS=2200
SPAWN_SHIP=20:58;3f78e445-706e-4b0a-b3cf-9cca458ed35e;Gabby Zale;
MONEY=0
