NAME=SirGwain
WEAPON=Plasma pistol
LOC=20:57
POS=8199.800000190735:2705.8000020980835
RACE=HUMAN
HPOINTS=2200
SPAWN_SHIP=15:31;82404505-7c9e-43ff-8412-16d05bf066f5;Falcon;
MONEY=0
