NAME=John Smith
WEAPON=Green Laser
LOC=34:61
POS=9431.000007152557:11396.200000286102
RACE=CYBORG
HPOINTS=1094
SPAWN_SHIP=18:54;82404505-7c9e-43ff-8412-16d05bf066f5;Falcon;
MONEY=0
