NAME=Paler
WEAPON=Scythes
LOC=22:57
POS=2400.999999523163:10534.599992752075
RACE=MANTIS
HPOINTS=0
SPAWN_SHIP=20:57;da91eb9b-467c-493c-860c-8c4606e95bd8;Shaggy Gold Hide;
MONEY=0
