NAME=Paler
WEAPON=Scythes
LOC=84:60
POS=4587.400002479553:1897.3999996185303
RACE=MANTIS
HPOINTS=0
SPAWN_SHIP=22:56;51afa388-eb9d-447c-9331-7a45e1571e36;Yellow Lysora;
MONEY=0
