NAME=Barthorge
WEAPON=Green Laser
LOC=20:60
POS=13763.000024795532:13232.199989318848
RACE=CYBORG
HPOINTS=1200
SPAWN_SHIP=20:57;2ae70c5e-57e5-4efd-b375-223b70d87e61;The Lincoln;
MONEY=0
