NAME=Barthorge
WEAPON=Green Laser
LOC=39:65
POS=9572.600003242493:3082.9999990463257
RACE=CYBORG
HPOINTS=1200
SPAWN_SHIP=24:54;703b25e2-be87-4dd9-a8e4-5fb4daf03178;Rural Decibel;
MONEY=121
