NAME=Barthorge
WEAPON=Green Laser
LOC=20:57
POS=13753.400024414062:1409.799994468689
RACE=CYBORG
HPOINTS=1200
SPAWN_SHIP=24:54;703b25e2-be87-4dd9-a8e4-5fb4daf03178;Rural Decibel;
MONEY=61
