NAME=Barthorge
WEAPON=Pickaxe
LOC=20:57
POS=10155.799984455109:8568.999998569489
RACE=CYBORG
HPOINTS=1200
SPAWN_SHIP=-1:-1;2fcf56a1-35a7-4caf-8c7f-180b05a29683;Auspicious Murrissey;
MONEY=0
