NAME=Pale
WEAPON=Green Laser
LOC=41:58
POS=7776.999997615814:10981.000000953674
RACE=CYBORG
HPOINTS=1200
SPAWN_SHIP=23:58;82404505-7c9e-43ff-8412-16d05bf066f5;Falcon;
MONEY=0
