NAME=Pale
WEAPON=Pickaxe
LOC=20:60
POS=13767.80000782013:13150.599997520447
RACE=CYBORG
HPOINTS=1200
SPAWN_SHIP=20:57;31e93011-2968-4dc0-94f5-edd817ebb440;Reflective Blackmaw;
MONEY=0
