NAME=Pale
WEAPON=Green Laser
LOC=22:57
POS=2321.7999963760376:10727.000001430511
RACE=CYBORG
HPOINTS=0
SPAWN_SHIP=27:60;da91eb9b-467c-493c-860c-8c4606e95bd8;Shaggy Gold Hide;
MONEY=0
