NAME=Pale
WEAPON=Pickaxe
LOC=20:60
POS=13338.200007915497:12557.79994726181
RACE=CYBORG
HPOINTS=1200
SPAWN_SHIP=20:57;31e93011-2968-4dc0-94f5-edd817ebb440;Reflective Blackmaw;
MONEY=2
