NAME=Pale
WEAPON=Green Laser
LOC=34:61
POS=9404.600002288818:11399.147930557498
RACE=CYBORG
HPOINTS=1200
SPAWN_SHIP=27:60;da91eb9b-467c-493c-860c-8c4606e95bd8;Shaggy Gold Hide;
MONEY=0
