NAME=Pale
WEAPON=Pickaxe
LOC=20:57
POS=1386.1999983787537:5986.600000858307
RACE=CYBORG
HPOINTS=1060
SPAWN_SHIP=20:57;31e93011-2968-4dc0-94f5-edd817ebb440;Reflective Blackmaw;
MONEY=2
