NAME=The Hammer
WEAPON=Green Laser
LOC=34:61
POS=9438.200003623962:11430.20000076294
RACE=CYBORG
HPOINTS=1200
SPAWN_SHIP=28:65;0c71059d-1dae-41d8-bf98-86decf3386ef;Noisy Marauder Of Rinti;
MONEY=0
