NAME=The Hammer
WEAPON=Green Laser
LOC=20:58
POS=9190.600004196167:12521.80000114441
RACE=CYBORG
HPOINTS=1200
SPAWN_SHIP=15:33;82404505-7c9e-43ff-8412-16d05bf066f5;Falcon;
MONEY=1
