NAME=The Hammer
WEAPON=Green Laser
LOC=41:58
POS=8031.800003051758:10976.200002670288
RACE=CYBORG
HPOINTS=1200
SPAWN_SHIP=15:33;82404505-7c9e-43ff-8412-16d05bf066f5;Falcon;
MONEY=0
