NAME=The Hammer
WEAPON=Green Laser
LOC=28:65
POS=6481.400002479553:2381.800000667572
RACE=CYBORG
HPOINTS=1200
SPAWN_SHIP=39:65;0c71059d-1dae-41d8-bf98-86decf3386ef;Noisy Marauder Of Rinti;
MONEY=167
