NAME=The Hammer
WEAPON=Green Laser
LOC=61:77
POS=11926.599994659424:11158.599994659424
RACE=CYBORG
HPOINTS=820
SPAWN_SHIP=15:33;82404505-7c9e-43ff-8412-16d05bf066f5;Falcon;
MONEY=107
